# oST version 5.0 parameters


[image]

width
1920

height
1080

[narrow_stereo]

camera matrix
1452.094418 0.000000 1122.327996
0.000000 1430.168028 514.538239
0.000000 0.000000 1.000000

distortion
0.110891 -0.000928 -0.014529 0.047012 0.000000

rectification
1.000000 0.000000 0.000000
0.000000 1.000000 0.000000
0.000000 0.000000 1.000000

projection
1498.055420 0.000000 1189.438725 0.000000
0.000000 1550.586670 503.174423 0.000000
0.000000 0.000000 1.000000 0.000000

