image_width: 1920
image_height: 1080
camera_name: narrow_stereo
camera_matrix:
  rows: 3
  cols: 3
  data: [1452.094418, 0.000000, 1122.327996, 0.000000, 1430.168028, 514.538239, 0.000000, 0.000000, 1.000000]
distortion_model: plumb_bob
distortion_coefficients:
  rows: 1
  cols: 5
  data: [0.110891, -0.000928, -0.014529, 0.047012, 0.000000]
rectification_matrix:
  rows: 3
  cols: 3
  data: [1.000000, 0.000000, 0.000000, 0.000000, 1.000000, 0.000000, 0.000000, 0.000000, 1.000000]
projection_matrix:
  rows: 3
  cols: 4
  data: [1498.055420, 0.000000, 1189.438725, 0.000000, 0.000000, 1550.586670, 503.174423, 0.000000, 0.000000, 0.000000, 1.000000, 0.000000]
