# oST version 5.0 parameters


[image]

width
1920

height
1080

[narrow_stereo]

camera matrix
1406.523278 0.000000 912.241157
0.000000 1417.744867 418.589471
0.000000 0.000000 1.000000

distortion
0.166978 0.039546 -0.053247 -0.024135 0.000000

rectification
1.000000 0.000000 0.000000
0.000000 1.000000 0.000000
0.000000 0.000000 1.000000

projection
1550.836426 0.000000 882.249195 0.000000
0.000000 1538.377686 376.127585 0.000000
0.000000 0.000000 1.000000 0.000000

