image_width: 1920
image_height: 1080
camera_name: narrow_stereo
camera_matrix:
  rows: 3
  cols: 3
  data: [1406.523278, 0.000000, 912.241157, 0.000000, 1417.744867, 418.589471, 0.000000, 0.000000, 1.000000]
distortion_model: plumb_bob
distortion_coefficients:
  rows: 1
  cols: 5
  data: [0.166978, 0.039546, -0.053247, -0.024135, 0.000000]
rectification_matrix:
  rows: 3
  cols: 3
  data: [1.000000, 0.000000, 0.000000, 0.000000, 1.000000, 0.000000, 0.000000, 0.000000, 1.000000]
projection_matrix:
  rows: 3
  cols: 4
  data: [1550.836426, 0.000000, 882.249195, 0.000000, 0.000000, 1538.377686, 376.127585, 0.000000, 0.000000, 0.000000, 1.000000, 0.000000]
