# oST version 5.0 parameters


[image]

width
1280

height
720

[narrow_stereo]

camera matrix
846.951726 0.000000 742.782275
0.000000 846.651306 408.318368
0.000000 0.000000 1.000000

distortion
-0.116552 0.214824 0.010981 0.060679 0.000000

rectification
1.000000 0.000000 0.000000
0.000000 1.000000 0.000000
0.000000 0.000000 1.000000

projection
851.948975 0.000000 795.692274 0.000000
0.000000 898.115845 414.244752 0.000000
0.000000 0.000000 1.000000 0.000000

