image_width: 1280
image_height: 720
camera_name: creative_cam
camera_matrix:
  rows: 3
  cols: 3
  data: [846.951726, 0.000000, 742.782275, 0.000000, 846.651306, 408.318368, 0.000000, 0.000000, 1.000000]
distortion_model: plumb_bob
distortion_coefficients:
  rows: 1
  cols: 5
  data: [-0.116552, 0.214824, 0.010981, 0.060679, 0.000000]
rectification_matrix:
  rows: 3
  cols: 3
  data: [1.000000, 0.000000, 0.000000, 0.000000, 1.000000, 0.000000, 0.000000, 0.000000, 1.000000]
projection_matrix:
  rows: 3
  cols: 4
  data: [851.948975, 0.000000, 795.692274, 0.000000, 0.000000, 898.115845, 414.244752, 0.000000, 0.000000, 0.000000, 1.000000, 0.000000]
