# oST version 5.0 parameters


[image]

width
1280

height
720

[narrow_stereo]

camera matrix
840.201631 0.000000 648.057220
0.000000 853.947569 506.920272
0.000000 0.000000 1.000000

distortion
-0.060697 0.006751 0.034201 -0.000694 0.000000

rectification
1.000000 0.000000 0.000000
0.000000 1.000000 0.000000
0.000000 0.000000 1.000000

projection
822.388611 0.000000 647.461252 0.000000
0.000000 813.647583 531.781031 0.000000
0.000000 0.000000 1.000000 0.000000

