image_width: 1280
image_height: 720
camera_name: narrow_stereo
camera_matrix:
  rows: 3
  cols: 3
  data: [840.201631, 0.000000, 648.057220, 0.000000, 853.947569, 506.920272, 0.000000, 0.000000, 1.000000]
distortion_model: plumb_bob
distortion_coefficients:
  rows: 1
  cols: 5
  data: [-0.060697, 0.006751, 0.034201, -0.000694, 0.000000]
rectification_matrix:
  rows: 3
  cols: 3
  data: [1.000000, 0.000000, 0.000000, 0.000000, 1.000000, 0.000000, 0.000000, 0.000000, 1.000000]
projection_matrix:
  rows: 3
  cols: 4
  data: [822.388611, 0.000000, 647.461252, 0.000000, 0.000000, 813.647583, 531.781031, 0.000000, 0.000000, 0.000000, 1.000000, 0.000000]
