image_width: 640
image_height: 480
camera_name: narrow_stereo
camera_matrix:
  rows: 3
  cols: 3
  data: [791.279615, 0.000000, 486.288531, 0.000000, 713.952139, 204.556574, 0.000000, 0.000000, 1.000000]
distortion_model: plumb_bob
distortion_coefficients:
  rows: 1
  cols: 5
  data: [0.200747, -0.028339, -0.006282, 0.118065, 0.000000]
rectification_matrix:
  rows: 3
  cols: 3
  data: [1.000000, 0.000000, 0.000000, 0.000000, 1.000000, 0.000000, 0.000000, 0.000000, 1.000000]
projection_matrix:
  rows: 3
  cols: 4
  data: [717.660767, 0.000000, 521.805294, 0.000000, 0.000000, 759.851440, 204.168077, 0.000000, 0.000000, 0.000000, 1.000000, 0.000000]
