# oST version 5.0 parameters


[image]

width
640

height
480

[narrow_stereo]

camera matrix
791.279615 0.000000 486.288531
0.000000 713.952139 204.556574
0.000000 0.000000 1.000000

distortion
0.200747 -0.028339 -0.006282 0.118065 0.000000

rectification
1.000000 0.000000 0.000000
0.000000 1.000000 0.000000
0.000000 0.000000 1.000000

projection
717.660767 0.000000 521.805294 0.000000
0.000000 759.851440 204.168077 0.000000
0.000000 0.000000 1.000000 0.000000

